,P1,P5,P10,P25,P50,P75,P90,P95,P99
ell2,9.514135138155202e-05,0.0001351446219004484,0.00016364844646522006,0.00021834510238468815,0.00029969399389983696,0.00041952798455533174,0.0005626152228132173,0.0006735590986490886,0.0009160927707190097
ell3,0.00013118412857802074,0.00018793434802719512,0.00024263944454427125,0.0003544538420492018,0.0005442096794771895,0.000795851727939984,0.0011601764578219184,0.0014674620972260845,0.0020436877959827617
ell4,0.00015986886188014364,0.000260206056741009,0.0003370029510331756,0.0005272452570300879,0.0008338878376441905,0.001332608718233947,0.002004724027438824,0.0026433568540282547,0.004538284357825646
ell5,0.00017842158353348936,0.0002981486220033394,0.00040827083703078075,0.0006575058391546823,0.0011487391999432986,0.0020829698573754576,0.003413830686360864,0.004575399552339602,0.008360600476597823
ell6,0.00020723480142502082,0.00035717655514665045,0.0004867247534157782,0.0008626992605842476,0.0015760452725361936,0.0029170397056015626,0.005230001616930416,0.0069696345264572005,0.013752523457055339
ell7,0.00021939926511508007,0.00040664753238353455,0.0005630097371764583,0.0010155136842601004,0.0019739359360900297,0.0037128660648312346,0.006672480480309193,0.009332719502194126,0.015328989726938748
ell8,0.00014458402302782746,0.0003857834272813118,0.0005697749953150097,0.0011355644032502274,0.0022674572547313277,0.004789193276960034,0.009888290828232728,0.013664879842188086,0.03013854490146602
