0.002063 0.001440 0.001556 0.001346 0.001623 0.001601 0.001554 0.001655 0.001655 -0.001655 -0.001655 -0.001655
0.001440 0.003053 0.001493 0.001306 0.001608 0.001530 0.001488 0.001725 0.001725 -0.001725 -0.001725 -0.001725
0.001556 0.001493 0.004546 0.001366 0.001663 0.001570 0.001756 0.001802 0.001802 -0.001802 -0.001802 -0.001802
0.001346 0.001306 0.001366 0.002484 0.001430 0.001392 0.001363 0.001486 0.001486 -0.001486 -0.001486 -0.001486
0.001623 0.001608 0.001663 0.001430 0.003515 0.001720 0.001657 0.001914 0.001914 -0.001914 -0.001914 -0.001914
0.001601 0.001530 0.001570 0.001392 0.001720 0.002874 0.001565 0.001777 0.001777 -0.001777 -0.001777 -0.001777
0.001554 0.001488 0.001756 0.001363 0.001657 0.001565 0.003770 0.001795 0.001795 -0.001795 -0.001795 -0.001795
0.001655 0.001725 0.001802 0.001486 0.001914 0.001777 0.001795 0.022016 0.012016 -0.002120 -0.012016 -0.002940
0.001655 0.001725 0.001802 0.001486 0.001914 0.001777 0.001795 0.012016 0.036416 -0.002120 -0.012016 -0.002940
-0.001655 -0.001725 -0.001802 -0.001486 -0.001914 -0.001777 -0.001795 -0.002120 -0.002120 0.002120 0.002120 0.002120
-0.001655 -0.001725 -0.001802 -0.001486 -0.001914 -0.001777 -0.001795 -0.012016 -0.012016 0.002120 0.012016 0.002940
-0.001655 -0.001725 -0.001802 -0.001486 -0.001914 -0.001777 -0.001795 -0.002940 -0.002940 0.002120 0.002940 0.002940
